              precision    recall  f1-score   support

           0      1.000     1.000     1.000        41
           1      0.962     1.000     0.981        51
           2      0.971     0.971     0.971        34
           3      1.000     0.912     0.954        57
           4      0.951     0.975     0.963        40
           5      0.977     0.896     0.935        48
           6      1.000     1.000     1.000        42
           7      1.000     0.978     0.989        45
           8      0.933     0.913     0.923        46
           9      0.852     1.000     0.920        46

    accuracy                          0.962       450
   macro avg      0.965     0.964     0.964       450
weighted avg      0.965     0.962     0.962       450
